0,2,6,8,16,16,17,4,5,18,8,
2,0,4,6,14,14,15,2,3,16,6,
6,4,0,4,11,10,11,2,1,13,4,
8,6,4,0,15,14,15,4,5,17,4,
16,14,11,15,0,1,2,12,12,2,15,
16,14,10,14,1,0,1,12,11,3,14,
17,15,11,15,2,1,0,13,12,2,15,
4,2,2,4,12,12,13,0,1,14,4,
5,3,1,5,12,11,12,1,0,14,3,
18,16,13,17,2,3,2,14,14,0,17,
8,6,4,4,15,14,15,4,3,17,0,
